output of ntc.c:
adc value, ambient temperature x10

1 1536
2 1534
3 1533
4 1532
5 1530
6 1529
7 1528
8 1526
9 1525
10 1524
11 1522
12 1520
13 1519
14 1518
15 1517
16 1515
17 1514
18 1512
19 1511
20 1509
21 1508
22 1507
23 1506
24 1504
25 1503
26 1501
27 1500
28 1499
29 1497
30 1496
31 1494
32 1493
33 1492
34 1490
35 1489
36 1488
37 1486
38 1485
39 1484
40 1482
41 1481
42 1479
43 1478
44 1477
45 1475
46 1474
47 1473
48 1471
49 1470
50 1469
51 1467
52 1466
53 1465
54 1464
55 1462
56 1461
57 1459
58 1458
59 1457
60 1456
61 1454
62 1453
63 1452
64 1450
65 1449
66 1448
67 1446
68 1445
69 1444
70 1442
71 1441
72 1440
73 1439
74 1437
75 1436
76 1435
77 1433
78 1432
79 1431
80 1430
81 1429
82 1427
83 1426
84 1424
85 1423
86 1422
87 1421
88 1420
89 1418
90 1417
91 1416
92 1414
93 1413
94 1412
95 1411
96 1409
97 1408
98 1407
99 1405
100 1404
101 1403
102 1402
103 1401
104 1400
105 1398
106 1397
107 1396
108 1394
109 1393
110 1392
111 1390
112 1389
113 1388
114 1387
115 1386
116 1385
117 1383
118 1382
119 1381
120 1380
121 1379
122 1377
123 1376
124 1374
125 1373
126 1372
127 1371
128 1370
129 1369
130 1367
131 1366
132 1365
133 1364
134 1363
135 1362
136 1360
137 1359
138 1358
139 1357
140 1356
141 1355
142 1353
143 1352
144 1351
145 1350
146 1349
147 1347
148 1346
149 1345
150 1344
151 1343
152 1341
153 1340
154 1339
155 1338
156 1337
157 1336
158 1334
159 1333
160 1332
161 1331
162 1330
163 1329
164 1327
165 1326
166 1325
167 1324
168 1323
169 1322
170 1321
171 1320
172 1318
173 1317
174 1316
175 1315
176 1314
177 1313
178 1312
179 1311
180 1309
181 1308
182 1307
183 1306
184 1305
185 1304
186 1303
187 1302
188 1300
189 1299
190 1298
191 1297
192 1296
193 1295
194 1294
195 1293
196 1292
197 1291
198 1290
199 1288
200 1287
201 1286
202 1285
203 1284
204 1283
205 1282
206 1281
207 1280
208 1279
209 1278
210 1277
211 1275
212 1274
213 1273
214 1272
215 1271
216 1270
217 1269
218 1267
219 1267
220 1266
221 1265
222 1264
223 1262
224 1261
225 1260
226 1260
227 1258
228 1257
229 1256
230 1255
231 1254
232 1253
233 1252
234 1250
235 1249
236 1249
237 1248
238 1247
239 1245
240 1244
241 1243
242 1242
243 1241
244 1240
245 1238
246 1238
247 1237
248 1236
249 1235
250 1234
251 1232
252 1232
253 1231
254 1230
255 1228
256 1227
257 1226
258 1226
259 1225
260 1224
261 1222
262 1221
263 1220
264 1219
265 1218
266 1217
267 1216
268 1215
269 1215
270 1213
271 1212
272 1211
273 1210
274 1209
275 1208
276 1207
277 1206
278 1205
279 1204
280 1203
281 1202
282 1201
283 1200
284 1199
285 1198
286 1197
287 1196
288 1195
289 1194
290 1193
291 1192
292 1191
293 1190
294 1189
295 1188
296 1188
297 1187
298 1186
299 1185
300 1184
301 1183
302 1182
303 1181
304 1180
305 1179
306 1178
307 1177
308 1176
309 1175
310 1174
311 1173
312 1172
313 1171
314 1170
315 1169
316 1169
317 1168
318 1167
319 1166
320 1165
321 1164
322 1163
323 1162
324 1161
325 1160
326 1159
327 1158
328 1157
329 1156
330 1155
331 1155
332 1154
333 1152
334 1151
335 1151
336 1150
337 1149
338 1148
339 1147
340 1146
341 1145
342 1144
343 1143
344 1142
345 1141
346 1141
347 1140
348 1138
349 1137
350 1137
351 1136
352 1135
353 1134
354 1133
355 1132
356 1132
357 1131
358 1129
359 1128
360 1128
361 1127
362 1126
363 1125
364 1124
365 1123
366 1123
367 1121
368 1120
369 1119
370 1119
371 1118
372 1117
373 1116
374 1115
375 1114
376 1113
377 1112
378 1112
379 1110
380 1110
381 1109
382 1108
383 1107
384 1106
385 1106
386 1105
387 1104
388 1103
389 1102
390 1101
391 1101
392 1099
393 1098
394 1097
395 1097
396 1096
397 1095
398 1094
399 1093
400 1093
401 1092
402 1091
403 1090
404 1089
405 1088
406 1088
407 1087
408 1086
409 1085
410 1084
411 1083
412 1082
413 1081
414 1081
415 1080
416 1079
417 1078
418 1077
419 1076
420 1076
421 1075
422 1074
423 1073
424 1072
425 1072
426 1071
427 1070
428 1069
429 1068
430 1067
431 1067
432 1066
433 1065
434 1064
435 1063
436 1062
437 1062
438 1061
439 1060
440 1059
441 1059
442 1058
443 1057
444 1056
445 1055
446 1054
447 1054
448 1053
449 1052
450 1051
451 1050
452 1050
453 1049
454 1048
455 1047
456 1046
457 1046
458 1045
459 1044
460 1044
461 1042
462 1042
463 1041
464 1040
465 1039
466 1039
467 1038
468 1037
469 1036
470 1035
471 1035
472 1034
473 1033
474 1032
475 1032
476 1031
477 1030
478 1029
479 1028
480 1028
481 1027
482 1026
483 1025
484 1025
485 1024
486 1023
487 1022
488 1022
489 1021
490 1020
491 1019
492 1018
493 1018
494 1017
495 1016
496 1015
497 1015
498 1014
499 1013
500 1013
501 1012
502 1011
503 1010
504 1009
505 1009
506 1008
507 1007
508 1007
509 1006
510 1005
511 1004
512 1004
513 1003
514 1002
515 1001
516 1001
517 1000
518 999
519 999
520 998
521 997
522 996
523 996
524 995
525 994
526 993
527 993
528 992
529 991
530 991
531 990
532 989
533 989
534 988
535 987
536 986
537 986
538 985
539 984
540 984
541 983
542 982
543 982
544 981
545 980
546 979
547 979
548 978
549 977
550 977
551 976
552 975
553 975
554 974
555 973
556 972
557 972
558 971
559 970
560 970
561 969
562 968
563 968
564 967
565 966
566 965
567 965
568 964
569 963
570 963
571 962
572 961
573 961
574 960
575 959
576 958
577 958
578 957
579 956
580 956
581 955
582 954
583 954
584 953
585 952
586 952
587 951
588 950
589 950
590 949
591 948
592 947
593 947
594 947
595 945
596 945
597 944
598 944
599 943
600 943
601 941
602 941
603 941
604 940
605 939
606 939
607 938
608 937
609 937
610 936
611 935
612 935
613 934
614 934
615 933
616 932
617 931
618 931
619 930
620 930
621 929
622 928
623 928
624 927
625 926
626 926
627 925
628 924
629 924
630 923
631 922
632 922
633 921
634 920
635 920
636 919
637 918
638 918
639 917
640 917
641 916
642 915
643 915
644 914
645 914
646 913
647 913
648 912
649 911
650 911
651 910
652 910
653 909
654 908
655 908
656 907
657 906
658 906
659 905
660 905
661 904
662 903
663 903
664 902
665 901
666 901
667 900
668 899
669 899
670 898
671 898
672 897
673 896
674 896
675 895
676 895
677 894
678 894
679 893
680 892
681 892
682 891
683 891
684 890
685 889
686 889
687 889
688 888
689 887
690 887
691 886
692 885
693 885
694 884
695 884
696 883
697 882
698 882
699 881
700 881
701 880
702 879
703 879
704 878
705 878
706 878
707 877
708 876
709 876
710 875
711 875
712 874
713 874
714 873
715 872
716 872
717 871
718 871
719 870
720 869
721 869
722 868
723 867
724 867
725 866
726 866
727 865
728 865
729 864
730 864
731 863
732 863
733 862
734 862
735 861
736 861
737 860
738 860
739 859
740 858
741 858
742 857
743 857
744 856
745 855
746 855
747 854
748 854
749 853
750 853
751 852
752 852
753 851
754 850
755 850
756 850
757 849
758 849
759 848
760 847
761 847
762 846
763 846
764 845
765 845
766 844
767 843
768 843
769 842
770 842
771 842
772 841
773 840
774 840
775 840
776 839
777 839
778 838
779 837
780 837
781 836
782 836
783 835
784 835
785 834
786 833
787 833
788 832
789 832
790 832
791 831
792 830
793 830
794 830
795 829
796 829
797 828
798 828
799 827
800 826
801 826
802 825
803 825
804 824
805 824
806 823
807 823
808 822
809 822
810 821
811 821
812 820
813 820
814 820
815 819
816 818
817 818
818 817
819 817
820 816
821 816
822 815
823 815
824 814
825 814
826 813
827 813
828 813
829 812
830 812
831 811
832 811
833 810
834 809
835 809
836 808
837 808
838 807
839 807
840 806
841 806
842 806
843 805
844 805
845 804
846 804
847 803
848 803
849 802
850 802
851 801
852 801
853 800
854 800
855 799
856 799
857 799
858 798
859 798
860 797
861 797
862 796
863 796
864 795
865 794
866 794
867 793
868 793
869 793
870 792
871 792
872 792
873 791
874 791
875 790
876 789
877 789
878 788
879 788
880 788
881 787
882 786
883 786
884 786
885 785
886 785
887 785
888 784
889 783
890 783
891 782
892 782
893 781
894 781
895 781
896 780
897 780
898 779
899 779
900 779
901 778
902 778
903 777
904 777
905 776
906 776
907 775
908 775
909 774
910 774
911 774
912 773
913 773
914 772
915 772
916 771
917 771
918 770
919 770
920 770
921 769
922 769
923 768
924 768
925 767
926 767
927 766
928 766
929 765
930 765
931 765
932 764
933 764
934 763
935 763
936 763
937 762
938 762
939 761
940 761
941 760
942 760
943 759
944 759
945 759
946 758
947 758
948 757
949 757
950 756
951 756
952 755
953 755
954 755
955 754
956 754
957 754
958 753
959 753
960 752
961 752
962 751
963 751
964 750
965 750
966 750
967 750
968 749
969 749
970 748
971 748
972 747
973 747
974 746
975 746
976 746
977 745
978 745
979 744
980 744
981 743
982 743
983 743
984 742
985 742
986 741
987 741
988 741
989 740
990 740
991 739
992 739
993 738
994 738
995 738
996 737
997 737
998 737
999 736
1000 736
1001 735
1002 735
1003 734
1004 734
1005 734
1006 734
1007 733
1008 733
1009 732
1010 732
1011 731
1012 731
1013 730
1014 730
1015 730
1016 730
1017 729
1018 729
1019 728
1020 728
1021 727
1022 727
1023 726
1024 726
1025 726
1026 726
1027 725
1028 725
1029 724
1030 724
1031 723
1032 723
1033 723
1034 723
1035 722
1036 722
1037 721
1038 721
1039 720
1040 720
1041 719
1042 719
1043 719
1044 719
1045 718
1046 718
1047 717
1048 717
1049 717
1050 716
1051 716
1052 716
1053 715
1054 715
1055 714
1056 714
1057 713
1058 713
1059 713
1060 712
1061 712
1062 712
1063 711
1064 711
1065 710
1066 710
1067 710
1068 710
1069 709
1070 709
1071 708
1072 708
1073 707
1074 707
1075 707
1076 706
1077 706
1078 706
1079 705
1080 705
1081 704
1082 704
1083 704
1084 703
1085 703
1086 703
1087 702
1088 702
1089 702
1090 701
1091 701
1092 700
1093 700
1094 700
1095 699
1096 699
1097 699
1098 698
1099 698
1100 698
1101 697
1102 697
1103 697
1104 696
1105 696
1106 695
1107 695
1108 694
1109 694
1110 694
1111 694
1112 693
1113 693
1114 692
1115 692
1116 692
1117 692
1118 691
1119 691
1120 690
1121 690
1122 690
1123 689
1124 689
1125 689
1126 688
1127 688
1128 687
1129 687
1130 687
1131 687
1132 686
1133 686
1134 685
1135 685
1136 685
1137 684
1138 684
1139 684
1140 684
1141 683
1142 683
1143 682
1144 682
1145 681
1146 681
1147 681
1148 681
1149 680
1150 680
1151 679
1152 679
1153 679
1154 678
1155 678
1156 678
1157 677
1158 677
1159 677
1160 676
1161 676
1162 676
1163 675
1164 675
1165 675
1166 674
1167 674
1168 674
1169 673
1170 673
1171 673
1172 672
1173 672
1174 672
1175 672
1176 671
1177 671
1178 670
1179 670
1180 670
1181 669
1182 669
1183 669
1184 668
1185 668
1186 667
1187 667
1188 667
1189 667
1190 666
1191 666
1192 666
1193 665
1194 665
1195 665
1196 664
1197 664
1198 664
1199 663
1200 663
1201 662
1202 662
1203 662
1204 662
1205 661
1206 661
1207 660
1208 660
1209 660
1210 660
1211 659
1212 659
1213 658
1214 658
1215 658
1216 658
1217 657
1218 657
1219 657
1220 656
1221 656
1222 656
1223 656
1224 655
1225 655
1226 654
1227 654
1228 654
1229 654
1230 653
1231 653
1232 652
1233 652
1234 652
1235 652
1236 651
1237 651
1238 650
1239 650
1240 650
1241 650
1242 649
1243 649
1244 649
1245 648
1246 648
1247 648
1248 647
1249 647
1250 647
1251 646
1252 646
1253 646
1254 646
1255 645
1256 645
1257 644
1258 644
1259 644
1260 644
1261 643
1262 643
1263 643
1264 642
1265 642
1266 642
1267 641
1268 641
1269 641
1270 640
1271 640
1272 640
1273 640
1274 639
1275 639
1276 638
1277 638
1278 638
1279 638
1280 637
1281 637
1282 637
1283 637
1284 636
1285 636
1286 635
1287 635
1288 635
1289 634
1290 634
1291 634
1292 634
1293 633
1294 633
1295 633
1296 633
1297 632
1298 632
1299 631
1300 631
1301 631
1302 631
1303 630
1304 630
1305 630
1306 629
1307 629
1308 629
1309 628
1310 628
1311 628
1312 627
1313 627
1314 627
1315 627
1316 626
1317 626
1318 626
1319 626
1320 625
1321 625
1322 624
1323 624
1324 624
1325 624
1326 623
1327 623
1328 623
1329 622
1330 622
1331 622
1332 622
1333 621
1334 621
1335 621
1336 620
1337 620
1338 620
1339 619
1340 619
1341 619
1342 619
1343 618
1344 618
1345 617
1346 617
1347 617
1348 617
1349 616
1350 616
1351 616
1352 616
1353 615
1354 615
1355 615
1356 614
1357 614
1358 614
1359 614
1360 613
1361 613
1362 612
1363 612
1364 612
1365 612
1366 611
1367 611
1368 611
1369 611
1370 610
1371 610
1372 610
1373 610
1374 609
1375 609
1376 609
1377 608
1378 608
1379 608
1380 608
1381 607
1382 607
1383 606
1384 606
1385 606
1386 606
1387 605
1388 605
1389 605
1390 605
1391 604
1392 604
1393 604
1394 603
1395 603
1396 603
1397 603
1398 602
1399 602
1400 602
1401 601
1402 601
1403 601
1404 600
1405 600
1406 600
1407 600
1408 599
1409 599
1410 599
1411 599
1412 598
1413 598
1414 598
1415 598
1416 597
1417 597
1418 597
1419 596
1420 596
1421 596
1422 595
1423 595
1424 595
1425 594
1426 594
1427 594
1428 594
1429 593
1430 593
1431 593
1432 593
1433 592
1434 592
1435 592
1436 592
1437 591
1438 591
1439 591
1440 590
1441 590
1442 590
1443 590
1444 589
1445 589
1446 589
1447 588
1448 588
1449 588
1450 587
1451 587
1452 587
1453 587
1454 586
1455 586
1456 586
1457 586
1458 585
1459 585
1460 585
1461 585
1462 584
1463 584
1464 584
1465 583
1466 583
1467 583
1468 583
1469 582
1470 582
1471 582
1472 582
1473 581
1474 581
1475 581
1476 580
1477 580
1478 580
1479 579
1480 579
1481 579
1482 579
1483 578
1484 578
1485 578
1486 578
1487 577
1488 577
1489 577
1490 577
1491 576
1492 576
1493 576
1494 575
1495 575
1496 575
1497 575
1498 574
1499 574
1500 574
1501 574
1502 573
1503 573
1504 573
1505 572
1506 572
1507 572
1508 571
1509 571
1510 571
1511 571
1512 570
1513 570
1514 570
1515 570
1516 569
1517 569
1518 569
1519 569
1520 568
1521 568
1522 568
1523 568
1524 567
1525 567
1526 567
1527 566
1528 566
1529 566
1530 566
1531 565
1532 565
1533 565
1534 565
1535 564
1536 564
1537 564
1538 564
1539 563
1540 563
1541 563
1542 562
1543 562
1544 562
1545 562
1546 561
1547 561
1548 561
1549 561
1550 560
1551 560
1552 560
1553 560
1554 559
1555 559
1556 559
1557 559
1558 558
1559 558
1560 557
1561 558
1562 557
1563 557
1564 556
1565 556
1566 556
1567 556
1568 555
1569 555
1570 555
1571 555
1572 554
1573 554
1574 554
1575 554
1576 553
1577 553
1578 553
1579 552
1580 552
1581 552
1582 552
1583 552
1584 551
1585 551
1586 551
1587 550
1588 550
1589 550
1590 550
1591 549
1592 549
1593 549
1594 549
1595 548
1596 548
1597 548
1598 548
1599 547
1600 547
1601 547
1602 547
1603 546
1604 546
1605 546
1606 545
1607 545
1608 545
1609 545
1610 544
1611 544
1612 544
1613 544
1614 543
1615 543
1616 543
1617 543
1618 542
1619 542
1620 542
1621 542
1622 541
1623 541
1624 541
1625 541
1626 540
1627 540
1628 540
1629 540
1630 539
1631 539
1632 539
1633 538
1634 538
1635 538
1636 538
1637 537
1638 537
1639 537
1640 537
1641 536
1642 536
1643 536
1644 536
1645 535
1646 535
1647 535
1648 535
1649 534
1650 534
1651 534
1652 534
1653 533
1654 533
1655 533
1656 533
1657 532
1658 532
1659 532
1660 531
1661 531
1662 531
1663 531
1664 530
1665 530
1666 530
1667 530
1668 529
1669 529
1670 529
1671 529
1672 528
1673 528
1674 528
1675 528
1676 527
1677 527
1678 527
1679 527
1680 526
1681 526
1682 526
1683 526
1684 525
1685 525
1686 525
1687 525
1688 524
1689 524
1690 524
1691 523
1692 523
1693 523
1694 523
1695 522
1696 522
1697 522
1698 522
1699 521
1700 521
1701 521
1702 521
1703 520
1704 520
1705 520
1706 520
1707 519
1708 519
1709 519
1710 519
1711 518
1712 518
1713 518
1714 518
1715 517
1716 517
1717 517
1718 517
1719 516
1720 516
1721 516
1722 516
1723 515
1724 515
1725 515
1726 515
1727 514
1728 514
1729 514
1730 513
1731 513
1732 513
1733 512
1734 512
1735 512
1736 512
1737 511
1738 511
1739 511
1740 511
1741 510
1742 510
1743 510
1744 510
1745 509
1746 509
1747 509
1748 509
1749 508
1750 508
1751 508
1752 508
1753 507
1754 507
1755 507
1756 507
1757 506
1758 506
1759 506
1760 506
1761 505
1762 505
1763 505
1764 505
1765 505
1766 504
1767 504
1768 504
1769 503
1770 503
1771 503
1772 503
1773 502
1774 502
1775 502
1776 502
1777 501
1778 501
1779 501
1780 501
1781 500
1782 500
1783 500
1784 500
1785 499
1786 499
1787 499
1788 499
1789 498
1790 498
1791 498
1792 498
1793 497
1794 497
1795 497
1796 497
1797 496
1798 496
1799 496
1800 496
1801 495
1802 495
1803 495
1804 495
1805 494
1806 494
1807 494
1808 494
1809 493
1810 493
1811 493
1812 493
1813 492
1814 492
1815 492
1816 492
1817 491
1818 491
1819 491
1820 490
1821 490
1822 490
1823 490
1824 489
1825 489
1826 489
1827 489
1828 488
1829 488
1830 488
1831 488
1832 487
1833 487
1834 487
1835 487
1836 486
1837 486
1838 486
1839 486
1840 485
1841 485
1842 485
1843 485
1844 484
1845 484
1846 484
1847 484
1848 483
1849 483
1850 483
1851 483
1852 482
1853 482
1854 482
1855 482
1856 481
1857 481
1858 481
1859 481
1860 480
1861 480
1862 480
1863 479
1864 479
1865 479
1866 479
1867 478
1868 478
1869 478
1870 478
1871 477
1872 477
1873 477
1874 477
1875 476
1876 476
1877 476
1878 476
1879 475
1880 475
1881 475
1882 475
1883 474
1884 474
1885 474
1886 474
1887 473
1888 473
1889 473
1890 473
1891 472
1892 472
1893 472
1894 472
1895 471
1896 471
1897 471
1898 471
1899 470
1900 470
1901 470
1902 470
1903 469
1904 469
1905 469
1906 468
1907 468
1908 468
1909 468
1910 467
1911 467
1912 467
1913 467
1914 466
1915 466
1916 466
1917 466
1918 465
1919 465
1920 465
1921 465
1922 464
1923 464
1924 464
1925 464
1926 463
1927 463
1928 463
1929 463
1930 462
1931 462
1932 462
1933 462
1934 461
1935 461
1936 461
1937 461
1938 460
1939 460
1940 460
1941 460
1942 459
1943 459
1944 459
1945 459
1946 458
1947 458
1948 458
1949 458
1950 457
1951 457
1952 457
1953 457
1954 456
1955 456
1956 456
1957 456
1958 455
1959 455
1960 455
1961 455
1962 454
1963 454
1964 454
1965 454
1966 453
1967 453
1968 453
1969 453
1970 452
1971 452
1972 452
1973 452
1974 451
1975 451
1976 451
1977 451
1978 450
1979 450
1980 450
1981 449
1982 449
1983 449
1984 449
1985 448
1986 448
1987 448
1988 448
1989 447
1990 447
1991 447
1992 447
1993 446
1994 446
1995 446
1996 446
1997 445
1998 445
1999 445
2000 445
2001 444
2002 444
2003 444
2004 444
2005 443
2006 443
2007 443
2008 442
2009 442
2010 442
2011 442
2012 441
2013 441
2014 441
2015 441
2016 440
2017 440
2018 440
2019 440
2020 440
2021 439
2022 439
2023 439
2024 439
2025 438
2026 438
2027 438
2028 438
2029 437
2030 437
2031 437
2032 437
2033 436
2034 436
2035 436
2036 435
2037 435
2038 435
2039 435
2040 434
2041 434
2042 434
2043 434
2044 433
2045 433
2046 433
2047 433
2048 432
2049 432
2050 432
2051 432
2052 431
2053 431
2054 431
2055 431
2056 430
2057 430
2058 430
2059 429
2060 429
2061 429
2062 429
2063 428
2064 428
2065 428
2066 428
2067 427
2068 427
2069 427
2070 427
2071 427
2072 426
2073 426
2074 426
2075 426
2076 425
2077 425
2078 425
2079 424
2080 424
2081 424
2082 424
2083 423
2084 423
2085 423
2086 423
2087 422
2088 422
2089 422
2090 422
2091 421
2092 421
2093 421
2094 421
2095 420
2096 420
2097 420
2098 419
2099 419
2100 419
2101 419
2102 418
2103 418
2104 418
2105 418
2106 418
2107 417
2108 417
2109 417
2110 417
2111 416
2112 416
2113 416
2114 416
2115 415
2116 415
2117 415
2118 414
2119 414
2120 414
2121 414
2122 413
2123 413
2124 413
2125 413
2126 412
2127 412
2128 412
2129 412
2130 411
2131 411
2132 411
2133 411
2134 410
2135 410
2136 410
2137 410
2138 409
2139 409
2140 409
2141 409
2142 408
2143 408
2144 408
2145 408
2146 407
2147 407
2148 407
2149 406
2150 406
2151 406
2152 406
2153 405
2154 405
2155 405
2156 405
2157 404
2158 404
2159 404
2160 404
2161 403
2162 403
2163 403
2164 403
2165 402
2166 402
2167 402
2168 402
2169 401
2170 401
2171 401
2172 401
2173 400
2174 400
2175 400
2176 399
2177 399
2178 399
2179 399
2180 398
2181 398
2182 398
2183 398
2184 398
2185 397
2186 397
2187 397
2188 396
2189 396
2190 396
2191 396
2192 395
2193 395
2194 395
2195 395
2196 394
2197 394
2198 394
2199 394
2200 393
2201 393
2202 393
2203 393
2204 392
2205 392
2206 392
2207 392
2208 391
2209 391
2210 391
2211 391
2212 390
2213 390
2214 390
2215 389
2216 389
2217 389
2218 389
2219 388
2220 388
2221 388
2222 388
2223 388
2224 387
2225 387
2226 387
2227 386
2228 386
2229 386
2230 386
2231 385
2232 385
2233 385
2234 385
2235 384
2236 384
2237 384
2238 384
2239 383
2240 383
2241 383
2242 383
2243 382
2244 382
2245 382
2246 381
2247 381
2248 381
2249 381
2250 380
2251 380
2252 380
2253 380
2254 380
2255 379
2256 379
2257 379
2258 378
2259 378
2260 378
2261 378
2262 377
2263 377
2264 377
2265 377
2266 376
2267 376
2268 376
2269 376
2270 375
2271 375
2272 375
2273 375
2274 374
2275 374
2276 374
2277 374
2278 373
2279 373
2280 373
2281 373
2282 372
2283 372
2284 372
2285 371
2286 371
2287 371
2288 371
2289 370
2290 370
2291 370
2292 370
2293 369
2294 369
2295 369
2296 369
2297 368
2298 368
2299 368
2300 368
2301 367
2302 367
2303 367
2304 367
2305 366
2306 366
2307 366
2308 366
2309 365
2310 365
2311 365
2312 365
2313 364
2314 364
2315 364
2316 364
2317 363
2318 363
2319 363
2320 362
2321 362
2322 362
2323 362
2324 362
2325 361
2326 361
2327 361
2328 360
2329 360
2330 360
2331 360
2332 359
2333 359
2334 359
2335 359
2336 358
2337 358
2338 358
2339 358
2340 357
2341 357
2342 357
2343 357
2344 356
2345 356
2346 356
2347 356
2348 355
2349 355
2350 355
2351 355
2352 354
2353 354
2354 354
2355 354
2356 353
2357 353
2358 353
2359 352
2360 352
2361 352
2362 352
2363 351
2364 351
2365 351
2366 351
2367 350
2368 350
2369 350
2370 350
2371 349
2372 349
2373 349
2374 349
2375 348
2376 348
2377 348
2378 348
2379 347
2380 347
2381 347
2382 347
2383 346
2384 346
2385 346
2386 346
2387 345
2388 345
2389 345
2390 345
2391 344
2392 344
2393 344
2394 344
2395 343
2396 343
2397 343
2398 343
2399 342
2400 342
2401 342
2402 341
2403 341
2404 341
2405 341
2406 341
2407 340
2408 340
2409 340
2410 339
2411 339
2412 339
2413 339
2414 338
2415 338
2416 338
2417 338
2418 337
2419 337
2420 337
2421 337
2422 336
2423 336
2424 336
2425 336
2426 335
2427 335
2428 335
2429 335
2430 334
2431 334
2432 334
2433 334
2434 333
2435 333
2436 333
2437 333
2438 332
2439 332
2440 332
2441 332
2442 331
2443 331
2444 331
2445 331
2446 330
2447 330
2448 330
2449 330
2450 329
2451 329
2452 329
2453 329
2454 328
2455 328
2456 328
2457 328
2458 327
2459 327
2460 327
2461 327
2462 326
2463 326
2464 326
2465 326
2466 325
2467 325
2468 325
2469 324
2470 324
2471 324
2472 324
2473 324
2474 323
2475 323
2476 323
2477 323
2478 322
2479 322
2480 322
2481 322
2482 321
2483 321
2484 321
2485 320
2486 320
2487 320
2488 320
2489 319
2490 319
2491 319
2492 319
2493 319
2494 318
2495 318
2496 318
2497 318
2498 317
2499 317
2500 317
2501 317
2502 316
2503 316
2504 316
2505 315
2506 315
2507 315
2508 315
2509 314
2510 314
2511 314
2512 314
2513 313
2514 313
2515 313
2516 313
2517 312
2518 312
2519 312
2520 312
2521 311
2522 311
2523 311
2524 311
2525 311
2526 310
2527 310
2528 310
2529 310
2530 309
2531 309
2532 309
2533 309
2534 308
2535 308
2536 308
2537 308
2538 307
2539 307
2540 307
2541 307
2542 306
2543 306
2544 306
2545 306
2546 305
2547 305
2548 305
2549 305
2550 304
2551 304
2552 304
2553 304
2554 303
2555 303
2556 303
2557 303
2558 302
2559 302
2560 302
2561 302
2562 301
2563 301
2564 301
2565 301
2566 300
2567 300
2568 300
2569 300
2570 299
2571 299
2572 299
2573 299
2574 298
2575 298
2576 298
2577 298
2578 297
2579 297
2580 297
2581 297
2582 297
2583 296
2584 296
2585 296
2586 295
2587 295
2588 295
2589 295
2590 295
2591 294
2592 294
2593 294
2594 294
2595 293
2596 293
2597 293
2598 293
2599 292
2600 292
2601 292
2602 292
2603 291
2604 291
2605 291
2606 291
2607 290
2608 290
2609 290
2610 290
2611 289
2612 289
2613 289
2614 289
2615 288
2616 288
2617 288
2618 288
2619 288
2620 287
2621 287
2622 287
2623 287
2624 286
2625 286
2626 286
2627 286
2628 285
2629 285
2630 285
2631 285
2632 284
2633 284
2634 284
2635 284
2636 283
2637 283
2638 283
2639 283
2640 283
2641 282
2642 282
2643 282
2644 282
2645 281
2646 281
2647 281
2648 281
2649 280
2650 280
2651 280
2652 280
2653 279
2654 279
2655 279
2656 279
2657 279
2658 278
2659 278
2660 278
2661 278
2662 277
2663 277
2664 277
2665 277
2666 276
2667 276
2668 276
2669 276
2670 275
2671 275
2672 275
2673 275
2674 275
2675 274
2676 274
2677 274
2678 274
2679 273
2680 273
2681 273
2682 273
2683 272
2684 272
2685 272
2686 272
2687 272
2688 271
2689 271
2690 271
2691 271
2692 270
2693 270
2694 270
2695 270
2696 269
2697 269
2698 269
2699 269
2700 269
2701 268
2702 268
2703 268
2704 268
2705 267
2706 267
2707 267
2708 267
2709 267
2710 266
2711 266
2712 266
2713 266
2714 265
2715 265
2716 265
2717 265
2718 264
2719 264
2720 264
2721 264
2722 264
2723 263
2724 263
2725 263
2726 263
2727 262
2728 262
2729 262
2730 262
2731 262
2732 261
2733 261
2734 261
2735 261
2736 260
2737 260
2738 260
2739 260
2740 260
2741 259
2742 259
2743 259
2744 259
2745 258
2746 258
2747 258
2748 258
2749 258
2750 257
2751 257
2752 257
2753 257
2754 256
2755 256
2756 256
2757 256
2758 256
2759 255
2760 255
2761 255
2762 255
2763 254
2764 254
2765 254
2766 254
2767 254
2768 253
2769 253
2770 253
2771 253
2772 253
2773 252
2774 252
2775 252
2776 252
2777 251
2778 251
2779 251
2780 251
2781 251
2782 250
2783 250
2784 250
2785 250
2786 250
2787 250
2788 250
2789 250
2790 250
2791 250
2792 249
2793 249
2794 249
2795 249
2796 249
2797 249
2798 248
2799 248
2800 248
2801 248
2802 248
2803 247
2804 247
2805 247
2806 247
2807 247
2808 246
2809 246
2810 246
2811 246
2812 246
2813 246
2814 245
2815 245
2816 245
2817 245
2818 245
2819 244
2820 244
2821 244
2822 244
2823 244
2824 243
2825 243
2826 243
2827 243
2828 242
2829 242
2830 242
2831 242
2832 242
2833 241
2834 241
2835 241
2836 241
2837 241
2838 240
2839 240
2840 240
2841 240
2842 239
2843 239
2844 239
2845 239
2846 239
2847 238
2848 238
2849 238
2850 238
2851 237
2852 237
2853 237
2854 237
2855 237
2856 236
2857 236
2858 236
2859 236
2860 235
2861 235
2862 235
2863 235
2864 234
2865 234
2866 234
2867 234
2868 233
2869 233
2870 233
2871 233
2872 232
2873 232
2874 232
2875 232
2876 231
2877 231
2878 231
2879 231
2880 230
2881 230
2882 230
2883 230
2884 229
2885 229
2886 229
2887 229
2888 228
2889 228
2890 228
2891 228
2892 227
2893 227
2894 227
2895 227
2896 226
2897 226
2898 226
2899 226
2900 225
2901 225
2902 225
2903 225
2904 224
2905 224
2906 224
2907 224
2908 223
2909 223
2910 223
2911 223
2912 222
2913 222
2914 222
2915 221
2916 221
2917 221
2918 221
2919 220
2920 220
2921 220
2922 220
2923 219
2924 219
2925 219
2926 218
2927 218
2928 218
2929 218
2930 217
2931 217
2932 217
2933 217
2934 216
2935 216
2936 216
2937 215
2938 215
2939 215
2940 215
2941 214
2942 214
2943 214
2944 213
2945 213
2946 213
2947 213
2948 212
2949 212
2950 212
2951 212
2952 211
2953 211
2954 211
2955 210
2956 210
2957 210
2958 210
2959 209
2960 209
2961 209
2962 208
2963 208
2964 208
2965 207
2966 207
2967 207
2968 207
2969 206
2970 206
2971 206
2972 205
2973 205
2974 205
2975 205
2976 204
2977 204
2978 204
2979 203
2980 203
2981 203
2982 203
2983 202
2984 202
2985 202
2986 201
2987 201
2988 201
2989 200
2990 200
2991 200
2992 200
2993 199
2994 199
2995 199
2996 198
2997 198
2998 198
2999 197
3000 197
3001 197
3002 197
3003 196
3004 196
3005 196
3006 195
3007 195
3008 195
3009 194
3010 194
3011 194
3012 194
3013 193
3014 193
3015 193
3016 192
3017 192
3018 192
3019 191
3020 191
3021 191
3022 191
3023 190
3024 190
3025 190
3026 189
3027 189
3028 189
3029 188
3030 188
3031 188
3032 187
3033 187
3034 187
3035 187
3036 186
3037 186
3038 186
3039 185
3040 185
3041 185
3042 184
3043 184
3044 184
3045 183
3046 183
3047 183
3048 183
3049 182
3050 182
3051 182
3052 181
3053 181
3054 181
3055 180
3056 180
3057 180
3058 179
3059 179
3060 179
3061 178
3062 178
3063 178
3064 178
3065 177
3066 177
3067 177
3068 176
3069 176
3070 176
3071 175
3072 175
3073 175
3074 174
3075 174
3076 174
3077 173
3078 173
3079 173
3080 173
3081 172
3082 172
3083 172
3084 171
3085 171
3086 171
3087 170
3088 170
3089 170
3090 169
3091 169
3092 169
3093 169
3094 168
3095 168
3096 168
3097 167
3098 167
3099 167
3100 166
3101 166
3102 166
3103 165
3104 165
3105 165
3106 164
3107 164
3108 164
3109 163
3110 163
3111 163
3112 162
3113 162
3114 162
3115 162
3116 161
3117 161
3118 161
3119 160
3120 160
3121 160
3122 159
3123 159
3124 159
3125 158
3126 158
3127 158
3128 157
3129 157
3130 157
3131 157
3132 156
3133 156
3134 156
3135 155
3136 155
3137 155
3138 154
3139 154
3140 154
3141 153
3142 153
3143 153
3144 152
3145 152
3146 152
3147 151
3148 151
3149 151
3150 150
3151 150
3152 150
3153 150
3154 149
3155 149
3156 149
3157 148
3158 148
3159 148
3160 147
3161 147
3162 147
3163 146
3164 146
3165 146
3166 145
3167 145
3168 145
3169 144
3170 144
3171 144
3172 143
3173 143
3174 143
3175 143
3176 142
3177 142
3178 142
3179 141
3180 141
3181 141
3182 140
3183 140
3184 140
3185 139
3186 139
3187 139
3188 138
3189 138
3190 138
3191 137
3192 137
3193 137
3194 137
3195 136
3196 136
3197 136
3198 135
3199 135
3200 135
3201 134
3202 134
3203 134
3204 133
3205 133
3206 133
3207 132
3208 132
3209 132
3210 131
3211 131
3212 131
3213 131
3214 130
3215 130
3216 130
3217 129
3218 129
3219 129
3220 128
3221 128
3222 128
3223 127
3224 127
3225 127
3226 126
3227 126
3228 126
3229 125
3230 125
3231 125
3232 124
3233 124
3234 124
3235 123
3236 123
3237 123
3238 122
3239 122
3240 122
3241 122
3242 121
3243 121
3244 121
3245 120
3246 120
3247 120
3248 119
3249 119
3250 119
3251 118
3252 118
3253 118
3254 118
3255 117
3256 117
3257 117
3258 116
3259 116
3260 116
3261 115
3262 115
3263 115
3264 114
3265 114
3266 114
3267 113
3268 113
3269 113
3270 112
3271 112
3272 112
3273 111
3274 111
3275 111
3276 111
3277 110
3278 110
3279 110
3280 109
3281 109
3282 109
3283 108
3284 108
3285 108
3286 107
3287 107
3288 107
3289 106
3290 106
3291 106
3292 105
3293 105
3294 105
3295 104
3296 104
3297 104
3298 103
3299 103
3300 103
3301 103
3302 102
3303 102
3304 102
3305 101
3306 101
3307 101
3308 100
3309 100
3310 100
3311 99
3312 99
3313 99
3314 98
3315 98
3316 98
3317 97
3318 97
3319 97
3320 97
3321 96
3322 96
3323 96
3324 95
3325 95
3326 95
3327 94
3328 94
3329 94
3330 93
3331 93
3332 93
3333 92
3334 92
3335 92
3336 91
3337 91
3338 91
3339 90
3340 90
3341 90
3342 89
3343 89
3344 89
3345 89
3346 88
3347 88
3348 87
3349 87
3350 87
3351 86
3352 86
3353 86
3354 86
3355 85
3356 85
3357 85
3358 84
3359 84
3360 84
3361 83
3362 83
3363 83
3364 82
3365 82
3366 82
3367 81
3368 81
3369 81
3370 80
3371 80
3372 80
3373 79
3374 79
3375 79
3376 79
3377 78
3378 78
3379 77
3380 77
3381 77
3382 76
3383 76
3384 76
3385 75
3386 75
3387 75
3388 75
3389 74
3390 74
3391 74
3392 73
3393 73
3394 73
3395 72
3396 72
3397 72
3398 71
3399 71
3400 71
3401 70
3402 70
3403 70
3404 69
3405 69
3406 69
3407 68
3408 68
3409 68
3410 67
3411 67
3412 67
3413 66
3414 66
3415 66
3416 65
3417 65
3418 65
3419 64
3420 64
3421 64
3422 63
3423 63
3424 63
3425 62
3426 62
3427 62
3428 61
3429 61
3430 61
3431 60
3432 60
3433 60
3434 59
3435 59
3436 59
3437 58
3438 58
3439 58
3440 57
3441 57
3442 57
3443 56
3444 56
3445 56
3446 55
3447 55
3448 54
3449 54
3450 54
3451 53
3452 53
3453 53
3454 53
3455 52
3456 52
3457 51
3458 51
3459 51
3460 50
3461 50
3462 50
3463 49
3464 49
3465 49
3466 48
3467 48
3468 48
3469 47
3470 47
3471 47
3472 46
3473 46
3474 46
3475 45
3476 45
3477 45
3478 44
3479 44
3480 43
3481 43
3482 43
3483 42
3484 42
3485 42
3486 41
3487 41
3488 41
3489 40
3490 40
3491 39
3492 39
3493 39
3494 38
3495 38
3496 38
3497 37
3498 37
3499 37
3500 36
3501 36
3502 35
3503 35
3504 35
3505 34
3506 34
3507 34
3508 33
3509 33
3510 33
3511 32
3512 32
3513 31
3514 31
3515 31
3516 30
3517 30
3518 30
3519 29
3520 29
3521 29
3522 28
3523 28
3524 27
3525 27
3526 27
3527 26
3528 26
3529 26
3530 25
3531 25
3532 24
3533 24
3534 24
3535 23
3536 23
3537 23
3538 22
3539 22
3540 21
3541 21
3542 21
3543 20
3544 20
3545 19
3546 19
3547 19
3548 18
3549 18
3550 18
3551 17
3552 17
3553 16
3554 16
3555 15
3556 15
3557 15
3558 14
3559 14
3560 14
3561 13
3562 13
3563 12
3564 12
3565 11
3566 11
3567 11
3568 10
3569 10
3570 10
3571 9
3572 9
3573 8
3574 8
3575 7
3576 7
3577 7
3578 6
3579 6
3580 5
3581 5
3582 5
3583 4
3584 4
3585 3
3586 3
3587 3
3588 2
3589 2
3590 1
3591 1
3592 0
3593 0
3594 0
3595 -1
3596 -1
3597 -2
3598 -2
3599 -3
3600 -3
3601 -3
3602 -4
3603 -4
3604 -5
3605 -5
3606 -6
3607 -6
3608 -6
3609 -7
3610 -7
3611 -8
3612 -8
3613 -9
3614 -9
3615 -9
3616 -10
3617 -10
3618 -11
3619 -11
3620 -12
3621 -12
3622 -13
3623 -13
3624 -13
3625 -14
3626 -14
3627 -15
3628 -15
3629 -16
3630 -16
3631 -17
3632 -17
3633 -17
3634 -18
3635 -19
3636 -19
3637 -19
3638 -20
3639 -20
3640 -21
3641 -21
3642 -22
3643 -22
3644 -23
3645 -23
3646 -24
3647 -24
3648 -25
3649 -25
3650 -25
3651 -26
3652 -26
3653 -27
3654 -28
3655 -28
3656 -28
3657 -29
3658 -29
3659 -30
3660 -30
3661 -31
3662 -31
3663 -32
3664 -32
3665 -33
3666 -33
3667 -34
3668 -34
3669 -35
3670 -35
3671 -36
3672 -36
3673 -37
3674 -37
3675 -38
3676 -38
3677 -39
3678 -39
3679 -40
3680 -40
3681 -41
3682 -41
3683 -42
3684 -42
3685 -43
3686 -43
3687 -44
3688 -45
3689 -45
3690 -45
3691 -46
3692 -47
3693 -47
3694 -48
3695 -48
3696 -49
3697 -49
3698 -50
3699 -50
3700 -51
3701 -51
3702 -52
3703 -52
3704 -53
3705 -54
3706 -54
3707 -55
3708 -55
3709 -56
3710 -56
3711 -57
3712 -57
3713 -58
3714 -59
3715 -59
3716 -60
3717 -60
3718 -61
3719 -61
3720 -62
3721 -62
3722 -63
3723 -64
3724 -64
3725 -65
3726 -65
3727 -66
3728 -66
3729 -67
3730 -68
3731 -68
3732 -69
3733 -69
3734 -70
3735 -71
3736 -71
3737 -72
3738 -72
3739 -73
3740 -73
3741 -74
3742 -75
3743 -75
3744 -76
3745 -77
3746 -77
3747 -78
3748 -78
3749 -79
3750 -80
3751 -80
3752 -81
3753 -81
3754 -82
3755 -83
3756 -83
3757 -84
3758 -85
3759 -85
3760 -86
3761 -87
3762 -87
3763 -88
3764 -88
3765 -89
3766 -90
3767 -90
3768 -91
3769 -91
3770 -92
3771 -93
3772 -93
3773 -94
3774 -95
3775 -96
3776 -96
3777 -97
3778 -98
3779 -98
3780 -99
3781 -100
3782 -100
3783 -101
3784 -102
3785 -102
3786 -103
3787 -104
3788 -104
3789 -105
3790 -106
3791 -106
3792 -107
3793 -108
3794 -108
3795 -109
3796 -110
3797 -110
3798 -111
3799 -112
3800 -112
3801 -113
3802 -114
3803 -115
3804 -115
3805 -116
3806 -117
3807 -117
3808 -118
3809 -119
3810 -120
3811 -120
3812 -121
3813 -122
3814 -123
3815 -123
3816 -124
3817 -125
3818 -126
3819 -126
3820 -127
3821 -128
3822 -129
3823 -129
3824 -130
3825 -131
3826 -132
3827 -132
3828 -133
3829 -134
3830 -135
3831 -135
3832 -136
3833 -137
3834 -138
3835 -139
3836 -139
3837 -140
3838 -141
3839 -142
3840 -142
3841 -143
3842 -144
3843 -145
3844 -145
3845 -146
3846 -147
3847 -148
3848 -149
3849 -150
3850 -150
3851 -151
3852 -152
3853 -153
3854 -154
3855 -155
3856 -155
3857 -156
3858 -157
3859 -158
3860 -159
3861 -159
3862 -160
3863 -161
3864 -162
3865 -163
3866 -164
3867 -165
3868 -166
3869 -166
3870 -167
3871 -168
3872 -169
3873 -170
3874 -171
3875 -171
3876 -172
3877 -173
3878 -174
3879 -175
3880 -176
3881 -177
3882 -178
3883 -179
3884 -179
3885 -180
3886 -181
3887 -182
3888 -183
3889 -184
3890 -185
3891 -186
3892 -187
3893 -188
3894 -189
3895 -189
3896 -190
3897 -191
3898 -192
3899 -193
3900 -194
3901 -195
3902 -196
3903 -197
3904 -198
3905 -199
3906 -200
3907 -201
3908 -202
3909 -203
3910 -204
3911 -205
3912 -206
3913 -207
3914 -207
3915 -208
3916 -210
3917 -211
3918 -212
3919 -213
3920 -214
3921 -214
3922 -215
3923 -216
3924 -217
3925 -219
3926 -220
3927 -221
3928 -222
3929 -222
3930 -223
3931 -225
3932 -226
3933 -227
3934 -228
3935 -229
3936 -230
3937 -231
3938 -232
3939 -233
3940 -234
3941 -235
3942 -236
3943 -237
3944 -238
3945 -239
3946 -240
3947 -241
3948 -243
3949 -244
3950 -245
3951 -246
3952 -247
3953 -248
3954 -249
3955 -250
3956 -251
3957 -252
3958 -253
3959 -255
3960 -256
3961 -257
3962 -258
3963 -259
3964 -260
3965 -261
3966 -262
3967 -264
3968 -265
3969 -266
3970 -267
3971 -268
3972 -269
3973 -271
3974 -272
3975 -273
3976 -274
3977 -275
3978 -276
3979 -278
3980 -279
3981 -280
3982 -281
3983 -282
3984 -284
3985 -285
3986 -286
3987 -287
3988 -288
3989 -289
3990 -291
3991 -292
3992 -293
3993 -294
3994 -295
3995 -297
3996 -298
3997 -299
3998 -300
3999 -302
4000 -303
4001 -304
4002 -306
4003 -307
4004 -308
4005 -309
4006 -311
4007 -312
4008 -313
4009 -314
4010 -316
4011 -317
4012 -318
4013 -320
4014 -321
4015 -322
4016 -323
4017 -325
4018 -326
4019 -327
4020 -329
4021 -330
4022 -332
4023 -333
4024 -334
4025 -335
4026 -337
4027 -338
4028 -340
4029 -341
4030 -342
4031 -344
4032 -345
4033 -347
4034 -348
4035 -349
4036 -350
4037 -352
4038 -353
4039 -355
4040 -356
4041 -357
4042 -359
4043 -360
4044 -362
4045 -363
4046 -364
4047 -366
4048 -368
4049 -369
4050 -370
4051 -372
4052 -373
4053 -375
4054 -376
4055 -377
4056 -379
4057 -380
4058 -382
4059 -384
4060 -385
4061 -386
4062 -388
4063 -390
4064 -391
4065 -392
4066 -394
4067 -395
4068 -397
4069 -399
4070 -400
4071 -401
4072 -403
4073 -405
4074 -406
4075 -408
4076 -409
4077 -411
4078 -412
4079 -414
4080 -415
4081 -417
4082 -419
4083 -420
4084 -422
4085 -423
4086 -425
4087 -426
4088 -428
4089 -430
4090 -431
4091 -433
4092 -435
4093 -436
4094 -438
4095 -439
